----------------- JEZYK PROGRAMOWANIA ACTION! JEST SERCEM CALEGO SYSTEMU. LACZY ON WSZYSTKIE DOBRE CECHY JEZYKOW C I PASCAL ORAZ DODATKOWO JEST NAJSZYBSZYM JEZYKIEM WYSOKIEGO POZIOMU DOSTEPNYM NA KOMPUTERY ATARI. W POROWNANIU Z BASICIEM ACTION! JEST JEZYKIEM STRUKTURALNYM, A JEST ROWNIE LATWYM DO NAUCZENIA? PROGRAMY NAPISANE W JEZYKU ACTION! CHARAKTERYZUJA SIE DUZA PRZEJRZYSTOSCIA >  < .-----------------            


61 61 61 61 61 61 61 61 61 61 61 61 61 61 61 61 61 0 42 37 58 57 43 0 48 50 47 39 50 33 45 47 55 33 46 41 33 0 33 35 52 41 47 46 62 0 42 37 51 52 0 51 37 50 35 37 45 0 35 33 44 37 39 47 0 51 57 51 52 37 45 53 32 0 44 33 35 58 57 0 47 46 0 55 51 58 57 51 52 43 41 37 0 36 47 34 50 37 0 35 37 35 40 57 0 42 37 58 57 43 47 55 0 35 0 41 0 48 33 51 35 33 44 0 47 50 33 58 0 36 47 36 33 52 43 47 55 47 0 42 37 51 52 0 46 33 42 51 58 57 34 51 58 57 45 0 42 37 58 57 43 41 37 45 0 55 57 51 47 43 41 37 39 47 0 48 47 58 41 47 45 53 0 36 47 51 52 37 48 46 57 45 0 46 33 0 43 47 45 48 53 52 37 50 57 0 33 52 33 50 41 32 0 55 0 48 47 50 47 55 46 33 46 41 53 0 58 0 34 33 51 41 35 41 37 45 0 33 35 52 41 47 46 62 0 42 37 51 52 0 42 37 58 57 43 41 37 45 0 51 52 50 53 43 52 53 50 33 44 46 57 45 32 0 33 0 42 37 51 52 0 50 47 55 46 41 37 0 44 33 52 55 57 45 0 36 47 0 46 33 53 35 58 37 46 41 33 63 0 48 50 47 39 50 33 45 57 0 46 33 48 41 51 33 46 37 0 55 0 42 37 58 57 43 53 0 33 35 52 41 47 46 62 0 35 40 33 50 33 43 52 37 50 57 58 53 42 33 0 51 41 37 0 36 53 58 33 0 48 50 58 37 42 50 58 57 51 52 47 51 35 41 33 0 60 0 0 59 0 32 61 61 61 61 61 61 61 61 61 61 61 61 61 61 61 61 61 


125 125 125 125 125 125 125 125 125 125 125 125 125 125 125 125 125 0 
106 101 122 121 107 0 112 114 111 103 114 97 109 111 119 97 110 105 97
 0 97 99 116 105 111 110 126 0 106 101 115 116 0 115 101 114 99 101 109 
 0 99 97 108 101 103 111 0 115 121 115 116 101 109 117 96 0 108 97 99 
 122 121 0 111 110 0 119 115 122 121 115 116 107 105 101 0 100 111 98 
 114 101 0 99 101 99 104 121 0 106 101 122 121 107 111 119 0 99 0 105 0 
 112 97 115 99 97 108 0 111 114 97 122 0 100 111 100 97 116 107 111 119 
 111 0 106 101 115 116 0 110 97 106 115 122 121 98 115 122 121 109 0 106
 101 122 121 107 105 101 109 0 119 121 115 111 107 105 101 103 111 0 112
 111 122 105 111 109 117 0 100 111 115 116 101 112 110 121 109 0 110 97 
 0 107 111 109 112 117 116 101 114 121 0 97 116 97 114 105 96 0 119 0 112
 111 114 111 119 110 97 110 105 117 0 122 0 98 97 115 105 99 105 101 109 
 0 97 99 116 105 111 110 126 0 106 101 115 116 0 106 101 122 121 107 105 
 101 109 0 115 116 114 117 107 116 117 114 97 108 110 121 109 96 0 97 0 
 106 101 115 116 0 114 111 119 110 105 101 0 108 97 116 119 121 109 0 100
 111 0 110 97 117 99 122 101 110 105 97 127 0 112 114 111 103 114 97 109
 121 0 110 97 112 105 115 97 110 101 0 119 0 106 101 122 121 107 117 0 97 
 99 116 105 111 110 126 0 99 104 97 114 97 107 116 101 114 121 122 117 106 
 97 0 115 105 101 0 100 117 122 97 0 112 114 122 101 106 114 122 121 115 
 116 111 115 99 105 97 0 124 0 0 123 0 96 125 125 125 125 125 125 125 125 
 125 125 125 125 125 125 125 125 125 